50136    52.97   122.52   433.0  
50246    52.35   124.72   361.9  
50247    52.03   123.57   514.5  
50349    51.67   124.40   501.5  
50353    51.72   126.65   177.4  
50425    50.25   120.18   581.4  
50434    50.48   121.68   732.6  
50442    50.40   124.12   371.7  
50468    50.25   127.45   166.4  
50514    49.58   117.32   661.8  
50527    49.25   119.70   649.6  
50548    49.20   123.72   286.1  
50557    49.17   125.23   242.2  
50564    49.43   127.35   234.5  
50603    48.67   116.82   554.2  
50618    48.22   118.27   642.0  
50632    48.77   121.92   739.7  
50639    48.00   122.73   306.5  
50656    48.27   126.50   277.1  
50658    48.05   125.88   236.0  
50727    47.17   119.93   997.2  
50739    47.33   123.18   190.0  
50742    47.80   124.48   162.7  
50745    47.38   123.92   147.1  
50756    47.45   126.97   239.2  
50758    47.18   125.90   246.0  
50774    47.73   128.92   240.9  
50788    47.23   131.98   66.4   
50834    46.60   121.22   499.7  
50838    46.08   122.05   274.7  
50844    46.40   123.45   138.8  
50853    46.62   126.97   179.6  
50854    46.38   125.32   149.3  
50862    46.98   127.98   206    
50873    46.78   130.30   82.0   
50877    46.30   129.58   100.1  
50888    46.32   132.18   83.0   
50915    45.52   116.97   838.7  
50936    45.63   122.83   155.3  
50945    45.50   124.27   137.6  
50948    45.00   124.02   146.3  
50949    45.08   124.87   136.2  
50950    45.70   125.25   148.7  
50953    45.75   126.77   142.3  
50955    45.38   126.30   166.4  
50963    45.97   128.73   108.6  
50968    45.22   127.97   189.7  
50973    45.75   130.60   234.4  
50978    45.30   130.93   280.8  
50983    45.77   132.97   100.2  
51053    48.05   86.40    532.6  
51059    47.43   85.87    984.1  
51060    47.70   86.87    473.9  
51068    47.12   87.47    500.9  
51076    47.73   88.08    735.3  
51087    46.98   89.52    807.5  
51133    46.73   83.00    534.9  
51156    46.78   85.72    1291.6 
51186    46.67   90.38    1218.2 
51232    45.18   82.57    336.1  
51238    44.90   82.07    531.9  
51241    45.93   83.60    1077.8 
51243    45.62   84.85    449.5  
51288    45.37   90.53    1653.7 
51330    44.97   81.02    1357.8 
51334    44.60   82.90    318.6  
51346    44.43   84.67    478.7  
51358    44.28   85.82    468.5  
51365    44.20   87.53    440.5  
51367    44.13   86.82    522.1  
51379    44.02   89.57    793.5  
51431    43.95   81.33    662.5  
51433    43.80   82.52    1105.3 
51437    43.15   81.13    1851.0 
51463    43.78   87.65    935.0  
51467    42.77   86.33    1732.4 
51469    43.45   87.18    1930.0 
51470    43.88   88.12    1942.5 
51477    43.35   88.32    1103.5 
51495    43.22   91.73    721.4  
51526    42.23   88.22    922.4  
51542    43.03   84.15    2458.0 
51567    42.08   86.57    1055.3 
51573    42.93   89.20    34.5   
51581    42.85   90.23    398.6  
51628    41.17   80.23    1103.8 
51633    41.78   81.90    1229.2 
51639    41.23   82.78    980.4  
51642    41.82   84.27    982.0  
51644    41.72   82.97    1081.9 
51655    41.35   86.27    884.9  
51656    41.75   86.13    931.5  
51701    40.52   75.40    3504.4 
51704    39.72   76.17    1298.7 
51705    39.72   75.25    2175.7 
51709    39.47   75.98    1289.4 
51711    40.93   78.45    1985.1 
51716    39.80   78.57    1116.5 
51720    40.50   79.05    1161.8 
51730    40.55   81.27    1012.2 
51747    39.00   83.67    1099.3 
51765    40.63   87.70    846.0  
51777    39.03   88.17    887.7  
51804    37.77   75.23    3090.1 
51810    38.92   77.63    1178.2 
51811    38.43   77.27    1231.2 
51818    37.62   78.28    1375.4 
51828    37.13   79.93    1375.0 
51839    37.07   82.72    1409.5 
51855    38.15   85.55    1247.2 
51886    38.25   90.85    2944.8 
51931    36.85   81.65    1422.0 
52101    43.60   93.05    1677.2 
52112    43.77   95.13    479.0  
52118    43.27   94.70    1728.6 
52203    42.82   93.52    737.2  
52267    41.95   101.07   940.5  
52313    41.53   94.67    1573.8 
52323    41.80   97.03    1770.4 
52378    41.37   102.37   960    
52418    40.15   94.68    1139.0 
52424    40.53   95.78    1170.9 
52436    40.27   97.03    1526.0 
52446    40.30   99.52    1177.4 
52447    40.00   98.88    1270.5 
52495    40.17   104.80   1323.9 
52533    39.77   98.48    1477.2 
52546    39.37   99.83    1332.2 
52576    39.22   101.68   1510.1 
52602    38.75   93.33    2770.0 
52633    38.82   98.42    3367.0 
52645    38.42   99.58    3320.0 
52652    39.08   100.28   1461.1 
52657    38.18   100.25   2787.4 
52661    38.80   101.08   1765.5 
52674    38.23   101.97   1976.9 
52679    37.92   102.67   1531.5 
52681    38.63   103.08   1367.5 
52707    36.80   93.68    2767.0 
52713    37.85   95.35    3173.2 
52737    37.37   97.38    2981.5 
52754    37.33   100.13   3301.5 
52765    37.38   101.62   2850.0 
52787    37.20   102.87   3045.1 
52797    37.18   104.05   1630.9 
52818    36.42   94.92    2807.6 
52825    36.43   96.43    2790.4 
52833    36.93   98.48    2950.0 
52836    36.30   98.10    3189.0 
52856    36.27   100.62   2835.0 
52866    36.73   101.75   2295.2 
52868    36.03   101.43   2237.1 
52876    36.33   102.83   1813.9 
52884    36.35   103.95   1668.5 
52895    36.57   104.68   1398.2 
52908    35.22   93.08    4612.2 
52943    35.58   99.98    3323.2 
52955    35.58   100.73   3120.0 
52974    35.52   102.02   2491.4 
52983    35.87   104.15   1874.4 
52984    35.58   103.18   1917.2 
52986    35.37   103.87   1893.8 
52996    35.38   105.02   2450.6 
53068    43.63   111.93   963.1  
53083    44.62   114.15   1181.6 
53149    42.53   110.13   1225.2 
53192    44.02   114.95   1126.1 
53195    43.85   113.63   1036.7 
53231    41.40   106.40   1509.6 
53276    42.40   112.90   1150.8 
53336    41.57   108.52   1288.0 
53352    41.70   110.43   1376.6 
53362    41.53   111.68   1490.1 
53391    41.90   114.00   1482.7 
53399    41.15   114.70   1393.3 
53446    40.67   109.85   1067.2 
53463    40.82   111.68   1063.0 
53478    40.00   112.45   1345.8 
53480    41.03   113.07   1419.3 
53487    40.10   113.33   1067.2 
53490    40.43   114.05   1014.7 
53502    39.78   105.75   1031.8 
53513    40.73   107.37   1041.1 
53519    39.22   106.77   1092.5 
53529    39.08   107.97   1381.4 
53543    39.83   109.98   1461.9 
53564    39.38   111.15   861.5  
53578    39.37   112.43   1114.8 
53588    38.95   113.52   2208.3 
53593    39.83   114.57   909.5  
53594    39.45   114.18   938.7  
53602    38.83   105.67   1561.4 
53612    37.98   106.18   1128.8 
53614    38.47   106.20   1110.9 
53615    38.80   106.70   1101.6 
53646    38.27   109.78   1157.0 
53651    38.82   110.43   941.1  
53663    38.92   111.82   1401.0 
53664    38.47   111.13   1012.6 
53673    38.73   112.72   828.2  
53687    37.78   113.63   753.0  
53698    38.03   114.42   81.0   
53704    37.53   105.18   1225.7 
53705    37.48   105.68   1183.4 
53723    37.80   107.38   1349.3 
53725    37.58   107.58   1360.3 
53735    37.62   108.80   1336.7 
53738    36.92   108.17   1331.4 
53740    37.93   109.23   1111.0 
53754    37.50   110.22   929.7  
53764    37.50   111.10   950.8  
53772    37.78   112.55   778.3  
53775    37.43   112.53   781.9  
53787    37.07   112.98   1041.4 
53798    37.07   114.50   77.3   
53806    36.57   105.65   1854.2 
53810    36.97   105.90   1339.3 
53817    36.00   106.27   1753.0 
53821    36.57   107.30   1255.6 
53845    36.60   109.50   958.5  
53853    36.70   110.95   1052.7 
53854    36.58   110.07   804.8  
53859    36.10   110.67   851.3  
53863    37.03   111.92   743.9  
53868    36.07   111.50   449.5  
53877    36.17   112.25   860.1  
53882    36.05   113.07   991.8  
53884    36.52   113.03   877.9  
53898    36.05   114.40   62.9   
53903    35.97   105.72   1916.5 
53910    35.67   106.20   2841.2 
53915    35.55   106.67   1346.6 
53923    35.73   107.63   1421.0 
53929    35.20   107.80   1206.5 
53942    35.82   109.50   1159.8 
53948    34.95   109.58   499.2  
53955    35.47   110.45   458.1  
53959    35.05   111.05   365.0  
53963    35.65   111.37   433.8  
53968    35.28   111.67   505    
53975    35.48   112.40   659.5  
53986    35.32   113.88   73.2   
54012    44.58   117.60   1001.7 
54026    44.57   120.90   265.0  
54027    43.98   119.40   486.2  
54041    44.80   123.07   150.0  
54049    44.25   123.97   188.9  
54063    44.97   126.00   196.8  
54064    44.38   125.15   170.2  
54094    44.57   129.60   241.4  
54096    44.38   131.17   567.8  
54102    43.95   116.12   1003.0 
54115    43.60   118.07   799.5  
54134    43.60   121.28   241.0  
54135    43.60   122.27   178.7  
54142    43.50   123.53   114.9  
54157    43.17   124.33   165.7  
54161    43.90   125.22   236.8  
54165    43.55   125.63   219.5  
54171    43.70   126.52   229.5  
54181    43.70   127.33   295.0  
54186    43.37   128.20   524.9  
54195    43.30   129.78   244.8  
54208    42.18   116.47   1245.4 
54213    42.93   119.02   634.3  
54218    42.30   118.83   668.6  
54226    42.33   120.70   400.5  
54236    42.38   122.55   79.4   
54237    42.07   121.75   167.8  
54243    42.78   124.12   165.1  
54254    42.53   124.05   98.2   
54259    42.10   124.92   237.2  
54260    42.92   125.08   252.9  
54261    42.67   125.47   345.3  
54263    42.97   126.05   336.7  
54266    42.53   125.63   340.5  
54273    42.98   126.75   263.3  
54276    42.40   126.80   570    
54284    42.15   127.50   774.2  
54285    42.42   128.12   721.4  
54286    42.53   129.00   475.6  
54292    42.87   129.50   257.3  
54308    41.20   116.63   735.1  
54311    41.97   117.77   892.7  
54324    41.55   120.43   174.3  
54326    41.38   119.70   422.0  
54333    41.97   122.85   30.9   
54334    41.52   121.23   68.5   
54335    41.68   122.08   37.5   
54337    41.13   121.12   65.9   
54339    41.08   123.00   77.3   
54342    41.73   123.52   49.0   
54346    41.32   123.78   185.4  
54349    41.30   124.13   258.9  
54351    41.92   124.08   118.5  
54353    41.73   125.05   328.4  
54363    41.68   125.90   402.9  
54365    41.28   125.35   245.5  
54374    41.80   126.88   379.7  
54377    41.15   126.22   225.1  
54386    41.42   128.18   775.0  
54401    40.77   114.92   772.8  
54405    40.42   115.50   570.9  
54406    40.45   115.97   487.9  
54416    40.38   116.87   71.8   
54423    40.97   117.92   422.3  
54429    40.20   117.95   54.9   
54436    40.42   118.95   254.3  
54449    39.85   119.52   2.4    
54452    40.80   119.82   365.5  
54454    40.33   120.30   29.0   
54455    40.62   120.65   20.5   
54470    41.02   122.07   5.5    
54471    40.65   122.17   3.8    
54472    40.88   122.72   25.3   
54476    40.17   122.15   20.4   
54486    40.28   123.28   79.8   
54493    40.72   124.78   260.1  
54497    40.05   124.33   13.8   
54511    39.80   116.47   31.3   
54518    39.17   116.40   8.9    
54525    39.73   117.28   5.1    
54527    39.08   117.05   3.5    
54534    39.65   118.10   23.2   
54539    39.43   118.88   10.5   
54563    39.63   122.02   118.7  
54579    39.27   122.58   35.5   
54584    39.72   122.95   34.8   
54602    38.73   115.48   16.8   
54606    38.23   115.73   19.0   
54618    38.08   116.55   13.2   
54623    39.05   117.72   4.8    
54624    38.37   117.35   6.6    
54646    38.45   118.42   30.3   
54660    38.82   121.23   66.7   
54662    38.90   121.63   91.5   
54705    37.37   115.38   27.4   
54715    37.32   116.57   18.6   
54725    37.50   117.53   11.7   
54727    36.68   117.55   121.8  
54744    37.58   118.55   8.5    
54751    37.93   120.73   39.7   
54753    37.63   120.33   4.8    
54764    37.48   121.23   53.9   
54774    37.47   122.13   65.4   
54776    37.40   122.70   47.7   
54808    36.23   115.63   37.8   
54823    36.60   117.00   170.3  
54826    36.25   117.10   1533.7 
54836    36.18   118.17   305.1  
54842    36.77   119.95   48.6   
54843    36.75   119.20   22.2   
54857    36.07   120.33   76.0   
54863    36.78   121.18   40.9   
54909    35.08   115.52   51.5   
54916    35.57   116.85   51.7   
54929    35.27   117.97   121.2  
54936    35.57   118.83   107.4  
54945    35.43   119.53   36.9   
55228    32.50   80.08    4278.6 
55248    32.15   84.42    4414.9 
55279    31.38   90.02    4700.0 
55294    32.35   91.10    4800.0 
55299    31.48   92.07    4507.0 
55437    30.28   81.25    3900.0 
55472    30.95   88.63    4672.0 
55493    30.48   91.10    4200.0 
55569    29.08   87.60    4000.0 
55578    29.25   88.88    3836.0 
55585    29.43   90.17    3809.4 
55591    29.67   91.13    3648.9 
55598    29.27   91.77    3560.0 
55655    28.18   85.97    3810.0 
55664    28.63   87.08    4300.0 
55680    28.92   89.60    4040.0 
55690    27.98   91.95    4280.3 
55696    28.42   92.47    3860.0 
55773    27.73   89.08    4300.0 
56004    34.22   92.43    4533.1 
56018    32.88   95.28    4066.4 
56021    34.12   95.80    4175.0 
56029    33.00   96.97    3716.9 
56033    34.92   98.22    4272.3 
56034    33.80   97.13    4415.4 
56038    32.98   98.10    4200.0 
56043    34.48   100.23   3719.0 
56046    33.75   99.65    3967.5 
56065    34.73   101.60   3500.0 
56067    33.43   101.48   3628.5 
56074    34.00   102.08   3471.4 
56079    33.58   102.97   3441.4 
56080    35.00   102.90   2910.0 
56093    34.43   104.02   2315.0 
56096    33.40   104.92   1079.1 
56106    31.88   93.78    4022.8 
56116    31.42   95.60    3873.1 
56125    32.20   96.47    3643.7 
56137    31.15   97.17    3315.0 
56144    31.80   98.58    3184.0 
56146    31.62   100.00   3393.5 
56151    32.93   100.75   3530.0 
56152    32.28   100.33   3893.9 
56167    30.98   101.12   2957.2 
56172    31.90   102.23   2664.4 
56173    32.80   102.55   3491.6 
56178    31.00   102.35   2438   
56182    32.65   103.57   2850.7 
56187    30.75   103.87   547.7  
56188    31.00   103.67   698.5  
56196    31.45   104.73   522.7  
56202    30.67   93.28    4488.8 
56223    30.75   95.83    3640.0 
56227    29.87   95.77    2736.0 
56247    30.00   99.10    2589.2 
56251    30.93   100.32   3000.0 
56257    30.00   100.27   3948.9 
56287    29.98   103.00   627.6  
56312    29.67   94.33    2991.8 
56331    29.67   97.83    3780.0 
56357    29.05   100.30   3727.7 
56374    30.05   101.97   2615.7 
56385    29.52   103.33   3047.4 
56386    29.57   103.75   424.2  
56434    28.65   97.47    2327.6 
56444    28.48   98.92    3319.0 
56459    27.93   101.27   2426.5 
56462    29.00   101.50   2925.0 
56475    28.65   102.52   1659.5 
56479    28.00   102.85   2132.4 
56485    28.27   103.58   1255.8 
56492    28.80   104.60   340.8  
56533    27.75   98.67    1583.3 
56543    27.83   99.70    3276.7 
56548    27.17   99.28    2326.1 
56565    27.43   101.52   2545.0 
56571    27.90   102.27   1590.9 
56586    27.35   103.72   1949.5 
56643    25.87   98.85    949.9  
56651    26.85   100.22   2380.9 
56664    26.63   101.27   1230.8 
56666    26.58   101.72   1190.1 
56671    26.65   102.25   1787.3 
56684    26.42   103.28   2110.5 
56691    26.87   104.28   2237.5 
56693    26.58   104.87   1815.9 
56739    25.02   98.50    1654.6 
56748    25.12   99.18    1652.2 
56751    25.70   100.18   1990.5 
56763    25.73   101.87   1120.6 
56768    25.03   101.55   1824.1 
56778    25.00   102.65   1888.1 
56786    25.58   103.83   1898.7 
56792    25.78   104.97   1649.4 
56793    25.72   104.47   1800   
56838    24.00   97.85    762.9  
56856    24.47   100.87   1162.3 
56875    24.33   102.55   1716.9 
56886    24.53   103.77   1704.3 
56946    23.55   99.40    1104.9 
56951    23.88   100.08   1502.4 
56954    22.57   99.93    1054.8 
56959    22.00   100.78   582.0  
56964    22.78   100.97   1302.1 
56966    23.60   101.98   400.9  
56969    21.47   101.58   633.4  
56977    22.58   101.85   1120.5 
56985    23.38   103.38   1300.7 
56986    22.98   103.68   1414.1 
56991    23.62   104.33   1561.1 
57003    34.90   106.83   924.2  
57014    34.57   105.87   1085.2 
57025    34.52   107.38   781.1  
57028    34.03   107.32   1543.6 
57030    34.70   108.15   994.6  
57034    34.25   108.22   447.8  
57037    34.93   108.98   710.0  
57046    34.48   110.08   2064.9 
57048    34.40   108.72   472.8  
57049    34.52   109.73   341.5  
57051    34.80   111.20   409.9  
57052    34.88   110.45   354.1  
57067    34.05   111.03   568.8  
57071    34.82   112.43   333.3  
57077    33.78   111.65   742.4  
57083    34.72   113.65   110.4  
57089    34.03   113.87   66.8   
57091    34.78   114.30   73.7   
57106    33.32   106.15   794.2  
57124    33.63   106.93   1032.1 
57127    33.07   107.03   509.5  
57131    34.43   108.97   410.0  
57134    33.52   107.98   827.2  
57143    33.87   109.97   742.2  
57144    33.43   109.15   693.7  
57154    33.53   110.90   523.0  
57156    33.30   111.50   250.3  
57178    33.03   112.58   129.2  
57181    33.88   113.05   136.4  
57193    33.78   114.52   52.6   
57206    32.43   105.85   513.8  
57211    32.83   106.25   836.1  
57232    33.05   108.27   484.9  
57237    32.07   108.03   674.0  
57238    32.53   107.90   693.9  
57245    32.72   109.03   290.8  
57251    33.00   110.42   249.1  
57256    32.65   110.78   286.5  
57259    32.03   110.77   426.9  
57265    32.38   111.67   90.0   
57278    32.03   112.17   68.6   
57279    32.15   112.75   125.5  
57285    32.38   113.42   153.0  
57290    33.00   114.02   82.7   
57297    32.13   114.05   114.5  
57306    31.58   105.97   382.6  
57313    31.87   106.77   417.7  
57328    31.20   107.50   344.9  
57343    31.90   109.53   995.8  
57348    31.02   109.53   299.8  
57355    31.03   110.37   334.0  
57358    30.83   110.97   295.5  
57359    31.35   110.73   336.8  
57378    31.17   112.57   65.8   
57381    31.62   113.33   116.3  
57395    31.57   114.12   74.9   
57399    31.18   115.02   59.3   
57405    30.50   105.55   355.0  
57411    30.78   106.10   309.7  
57426    30.68   107.80   454.5  
57432    30.77   108.40   186.7  
57439    30.28   108.93   1074.1 
57445    30.60   109.72   609.2  
57447    30.28   109.47   457.1  
57458    30.20   110.67   619.9  
57461    30.70   111.30   133.1  
57476    30.35   112.15   31.8   
57482    30.90   113.95   25.5   
57483    30.67   113.13   31.9   
57493    30.35   114.33   73.5   
57494    30.60   114.05   23.6   
57502    29.70   105.70   394.7  
57503    29.62   105.12   349.7  
57512    29.97   106.28   230.6  
57516    29.58   106.47   259.1  
57517    29.28   106.25   261.4  
57520    29.83   107.07   377.6  
57523    29.85   107.73   290.5  
57536    29.53   108.78   607.3  
57545    29.53   109.42   502.8  
57554    29.40   110.17   322.2  
57562    29.58   111.37   116.9  
57573    29.83   112.90   30.0   
57574    29.37   112.40   36.0   
57581    29.82   113.45   27.4   
57583    29.92   113.97   61.7   
57584    29.38   113.08   53.0   
57595    29.60   114.50   76.1   
57598    29.03   114.58   146.8  
57604    28.78   105.38   368.8  
57606    28.13   106.83   972    
57608    28.17   105.43   377.5  
57612    29.00   106.65   474.7  
57614    28.33   106.22   1180.2 
57625    28.55   107.45   679.7  
57633    28.82   108.77   826.5  
57642    28.70   109.63   325.3  
57647    28.15   109.18   406.1  
57649    28.32   109.73   208.4  
57655    28.47   110.40   151.6  
57662    29.12   111.68   150.6  
57669    28.38   111.22   128.3  
57671    28.85   112.37   37.0   
57673    28.68   112.88   53.2   
57679    28.20   113.08   44.9   
57682    28.72   113.57   106.3  
57687    28.22   112.92   68.0   
57696    28.40   114.78   91.7   
57707    27.30   105.28   1510.6 
57710    27.80   106.40   890.3  
57712    27.73   106.95   983.5  
57718    27.10   106.73   1038.1 
57722    27.77   107.47   792.2  
57729    27.23   107.88   622.1  
57731    27.95   108.25   416.8  
57741    27.72   109.18   282.7  
57745    27.45   109.68   272.2  
57749    27.57   110.00   257.8  
57752    27.92   110.60   204.0  
57758    27.07   110.58   323.5  
57761    27.75   111.30   211.9  
57766    27.23   111.47   248.6  
57774    27.45   112.17   100.0  
57776    27.30   112.70   1265.9 
57779    27.00   113.35   102.5  
57780    27.87   113.17   74.6   
57789    27.13   113.95   194.5  
57793    27.80   114.38   131.3  
57799    27.05   114.92   71.2   
57803    27.03   106.02   1231.4 
57805    26.68   105.77   1319.3 
57806    26.25   105.90   1431.1 
57816    26.58   106.73   1223.8 
57825    26.60   107.98   720.3  
57827    26.32   107.53   969.1  
57832    26.97   108.67   626.9  
57839    26.23   109.15   568.8  
57840    26.90   109.20   401.4  
57841    26.57   109.67   320.3  
57845    26.17   109.78   397.5  
57853    26.73   110.63   341.0  
57857    26.37   110.32   477.7  
57866    26.23   111.62   172.6  
57872    26.90   112.60   104.9  
57874    26.42   112.40   116.6  
57889    26.08   113.95   835.9  
57894    26.58   114.17   843.0  
57896    26.33   114.50   126.1  
57902    25.43   105.18   1378.5 
57906    25.18   106.08   566.8  
57907    25.08   104.90   1299.6 
57910    25.77   106.08   1197.6 
57912    26.13   106.63   990.9  
57916    25.43   106.77   440.3  
57922    25.83   107.55   1013.3 
57926    25.42   107.88   428.7  
57932    25.97   108.53   285.7  
57947    25.22   109.40   121.3  
57957    25.32   110.30   164.4  
57965    25.53   111.60   192.2  
57972    25.80   113.03   184.9  
57974    25.58   112.37   214.5  
57993    25.87   115.00   137.5  
57996    25.13   114.32   134.7  
58005    34.45   115.67   50.1   
58015    34.45   116.33   44.2   
58026    34.40   118.02   25.5   
58027    34.28   117.15   41.2   
58034    34.60   118.32   36.2   
58038    34.08   118.78   10.4   
58040    34.85   119.13   5.3    
58047    34.25   119.23   4.8    
58102    33.87   115.77   37.7   
58111    33.97   116.45   32.5   
58118    33.27   116.52   26.0   
58122    33.63   116.98   25.9   
58130    33.93   117.95   23.8   
58135    33.48   118.22   16.9   
58138    32.98   118.52   40.8   
58141    33.63   119.02   14.4   
58143    33.80   119.85   4.8    
58150    33.77   120.25   2.0    
58158    33.20   120.48   3.1    
58203    32.87   115.73   32.7   
58208    32.17   115.62   42.9   
58215    32.55   116.78   22.7   
58221    32.92   117.40   21.9   
58225    32.53   117.67   69.6   
58236    32.35   118.25   33.5   
58238    31.93   118.90   35.2   
58241    32.80   119.45   5.4    
58251    32.85   120.28   3.3    
58252    32.18   119.47   27.3   
58255    32.37   120.57   6.4    
58259    32.08   120.98   4.8    
58265    32.07   121.60   3.6    
58311    31.73   116.50   74.1   
58314    31.40   116.32   86.4   
58319    31.07   116.95   85.4   
58321    31.78   117.30   27.0   
58326    31.58   117.83   30.9   
58336    31.70   118.57   80.0   
58338    31.15   118.58   17.1   
58343    31.88   119.98   4.4    
58345    31.43   119.48   5.9    
58354    31.62   120.35   3.2    
58356    31.40   121.00   3.2    
58358    31.07   120.43   16.7   
58362    31.40   121.45   5.5    
58402    30.73   115.67   123.8  
58407    30.23   115.03   32.2   
58414    30.45   116.30   71.0   
58419    30.10   117.02   17.6   
58424    30.53   117.05   19.8   
58429    30.98   117.85   11     
58436    30.62   118.98   87.3   
58437    30.13   118.15   1840.4 
58448    30.22   119.70   117.6  
58450    30.87   120.05   7.4    
58457    30.23   120.17   41.7   
58464    30.62   121.08   5.4    
58467    30.20   121.27   4.5    
58472    30.73   122.45   79.6   
58477    30.03   122.10   35.7   
58500    29.85   115.20   45.8   
58506    29.58   115.98   1164.5 
58507    29.25   115.12   116.0  
58519    29.00   116.68   40.1   
58520    29.85   117.72   142.0  
58527    29.30   117.20   61.5   
58531    29.72   118.28   142.7  
58543    29.62   119.02   171.4  
58549    29.12   119.65   62.6   
58553    30.05   120.82   6.4    
58556    29.60   120.82   104.3  
58557    29.33   120.08   90.0   
58562    29.78   121.55   5.0    
58569    29.20   121.95   128.4  
58600    28.87   115.37   78.9   
58606    28.60   115.92   46.9   
58608    28.07   115.55   30.4   
58622    28.95   117.58   88.5   
58626    28.32   117.25   60.8   
58633    29.00   118.90   82.4   
58634    28.68   118.25   116.3  
58637    28.45   117.98   118.2  
58646    28.45   119.92   59.7   
58652    28.87   120.72   83.0   
58665    28.62   121.42   4.6    
58666    28.45   121.90   86.2   
58667    28.08   121.27   95.9   
58705    27.33   115.42   85.7   
58715    27.58   116.65   80.8   
58718    27.22   116.53   111.5  
58725    27.33   117.47   218.0  
58730    27.77   118.03   222.1  
58731    27.92   118.53   276.9  
58734    27.33   118.12   196.9  
58737    27.05   118.32   154.9  
58742    28.12   119.55   163.0  
58744    27.45   119.42   815.9  
58752    27.78   120.65   39.7   
58754    27.33   120.20   36.2   
58760    27.83   121.15   68.6   
58806    26.48   116.02   209.1  
58813    26.85   116.33   143.8  
58818    26.23   116.63   358.9  
58820    26.90   117.17   342.9  
58834    26.63   118.17   152.2  
58837    26.17   118.15   137.2  
58843    26.88   120.02   56.8   
58846    26.67   119.52   32.4   
58847    26.08   119.28   84.0   
58911    25.85   116.37   310.0  
58918    25.05   116.42   198.0  
58921    25.97   117.35   206.0  
58926    25.30   117.42   205.3  
58927    25.05   117.02   376.0  
58931    25.72   118.10   1653.5 
58933    26.92   118.98   869.5  
58936    25.37   118.70   77.7   
58944    25.52   119.78   32.4   
59007    24.07   105.07   1249.6 
59021    24.55   107.03   509.4  
59023    24.70   108.03   260.2  
59037    23.93   108.10   170.8  
59046    24.35   109.40   96.8   
59058    24.20   110.52   145.7  
59065    24.42   111.50   148.7  
59072    24.80   112.37   131.5  
59082    24.67   113.60   121.3  
59087    23.88   113.52   97.2   
59088    24.18   113.42   74.5   
59092    24.92   114.82   206.3  
59096    24.37   114.48   214.8  
59097    24.05   114.20   198.6  
59102    24.95   115.65   303.9  
59107    24.10   115.25   99.2   
59113    24.73   116.72   226.9  
59116    24.33   116.70   81.0   
59117    24.27   116.10   87.8   
59126    24.50   117.65   28.9   
59133    24.90   118.92   21.8   
59134    24.48   118.07   139.4  
59209    23.42   105.83   794.1  
59211    23.90   106.60   173.5  
59218    23.13   106.42   739.9  
59228    23.32   107.58   108.8  
59242    23.75   109.23   84.9   
59254    23.40   110.08   42.5   
59265    23.48   111.30   114.8  
59271    23.63   112.43   57.3   
59278    23.03   112.45   41.0   
59280    23.72   113.08   79.2   
59287    23.22   113.48   70.7   
59289    22.97   113.73   56.0   
59293    23.80   114.73   70.8   
59294    23.33   113.83   30.8   
59298    23.07   114.37   108.5  
59303    23.92   115.75   135.9  
59304    23.63   115.18   176.8  
59306    23.45   115.85   80.8   
59316    23.40   116.68   2.9    
59317    23.03   116.30   14.4   
59321    23.78   117.50   53.3   
59324    23.43   117.03   7.2    
59417    22.33   106.85   128.8  
59431    22.63   108.22   121.6  
59446    22.42   109.30   66.6   
59453    22.65   110.17   81.8   
59456    22.35   110.93   141.4  
59462    22.70   111.60   60.0   
59478    22.25   112.78   32.7   
59485    22.50   113.40   33.7   
59488    22.28   113.57   51.5   
59493    22.53   114.00   63.0   
59501    22.80   115.37   16.7   
59626    21.53   107.97   21.9   
59631    21.78   108.35   32.4   
59632    21.95   108.62   4.8    
59644    21.45   109.13   12.8   
59647    21.03   109.10   55.2   
59658    21.15   110.30   53.3   
59663    21.83   111.97   89.9   
59664    21.53   110.98   31.6   
59673    21.73   112.77   21.5   
59754    20.33   110.18   55.9   
59758    20.00   110.25   63.5   
59838    19.10   108.62   7.6    
59845    19.52   109.58   169.0  
59849    19.03   109.83   250.9  
59855    19.23   110.47   24.0   
59948    18.22   109.58   419.4  
59954    18.55   110.03   35.2   
59981    16.83   112.33   4.7    
59985    16.53   111.62   4.0    
