   51.72000       126.6500      9.8330766E-02
   48.77000       121.9200     -0.1676187    
   49.22000       119.7500     -6.4596616E-02
   50.45000       121.7000     -4.6360116E-02
   49.17000       125.2300      1.7576953E-02
   47.38000       123.9200     -5.1061593E-02
   47.43000       126.9700     -0.1799763    
   47.23000       131.9800     -0.1839824    
   46.49000       130.1700     -0.1706676    
   45.28000       130.9500     -0.2407071    
   45.75000       126.7700     -0.1871597    
   44.57000       129.6000     -0.1552361    
   46.08000       122.0500     -0.1602519    
   43.60000       122.2700     -0.2018744    
   43.90000       125.2200     -0.2890152    
   42.88000       129.4700     -0.2324900    
   41.68000       125.9000     -0.4573976    
   41.77000       123.4300     -0.2112987    
   41.55000       120.4500     -0.1697649    
   40.67000       122.2000     -0.2021513    
   40.05000       124.3300     -0.5939869    
   38.90000       121.6300     -0.2916764    
   43.98000       119.4000     -8.7894872E-02
   43.95000       116.0700     -0.2194758    
   42.40000       112.9000     -0.3233285    
   42.18000       116.4700     -0.1881575    
   42.27000       118.9700     -0.2035561    
   40.97000       117.9300     -0.1954557    
   40.78000       114.8800     -0.2387629    
   40.82000       111.6800     -0.2212825    
   40.66000       109.8500     -0.1350958    
   40.58000       107.1000     -8.0259494E-02
   39.93000       116.2800     -7.6384723E-02
   39.10000       117.1700     -6.5445378E-02
   38.03000       114.4200      0.1278382    
   37.29000       116.2200     -8.0172665E-02
   37.07000       114.5000     -1.3994457E-02
   36.12000       114.3700      1.0801905E-03
   37.36000       121.2600     -0.3335871    
   36.07000       120.3300     -0.3170195    
   36.70000       119.0800     -0.1913798    
   36.68000       116.9800     -6.3333765E-02
   35.05000       118.3500     -0.2084302    
   35.15000       115.2600     -5.1745605E-02
   34.36000       119.1000     -0.2558740    
   33.60000       119.0300     -0.3092262    
   34.19000       117.2200     -0.1453200    
   32.95000       117.3700     -0.1353661    
   32.93000       115.8300     -0.1290955    
   34.72000       113.6500      0.1216459    
   33.03000       112.5800     -4.1075498E-02
   32.13000       114.0500      2.5534730E-02
   32.87000       120.3200     -0.4267141    
   32.00000       118.8000     -0.3426720    
   31.87000       117.2300     -0.2191141    
   31.41000       121.4600     -0.4765400    
   30.23000       120.1700     -0.3801182    
   30.53000       117.0500     -0.2197813    
   29.71000       118.2800     -0.4789844    
   29.45000       115.5900     -0.1998630    
   30.62000       114.1300     -0.1925482    
   31.17000       112.5700     -1.4144293E-02
   29.38000       113.0800     -8.8327497E-02
   30.70000       111.3000     -3.0401945E-02
   29.05000       111.6800     -3.0307414E-02
   29.86000       121.5600     -0.4611523    
   28.97000       118.8700     -0.3872945    
   28.02000       120.6700     -0.4186592    
   27.92000       118.5300     -0.4366559    
   26.08000       119.2800     -0.3972200    
   25.97000       117.3500     -0.4684000    
   28.30000       117.2100     -0.3679490    
   28.60000       115.9200     -0.2537696    
   26.85000       116.3300     -0.3946790    
   27.12000       114.9700     -0.2685021    
   25.85000       114.9500     -0.2536358    
   28.12000       113.0400     -6.2958419E-02
   26.90000       112.6000     -5.8485802E-02
   25.45000       112.5900     -0.1673690    
   26.14000       111.3600     -6.9762886E-02
   27.45000       109.6800     -0.1160242    
   24.48000       118.0800     -0.3810612    
   24.30000       116.1200     -0.3929456    
   23.40000       116.6800     -0.3786843    
   24.80000       113.5800     -0.2301674    
   23.73000       114.6800     -0.3152944    
   23.08000       113.1900     -0.1636291    
   21.87000       111.9700     -0.2659529    
   21.22000       110.4000     -0.2184090    
   20.03000       110.3500     -0.3119974    
   25.33000       110.3000     -7.0852987E-02
   24.22000       109.2300     -4.1578393E-02
   23.29000       111.1800     -0.1413172    
   22.82000       108.3500     -0.1924816    
   21.48000       109.1000     -0.1972158    
   23.90000       106.6000     -0.2661731    
   27.70000       106.8800     -0.1587899    
   26.58000       106.7200     -0.2022895    
   27.30000       105.2300     -0.2424776    
   25.43000       105.1800     -0.2367052    
   25.97000       108.5300     -0.2773921    
   30.28000       109.4700     -0.2943500    
   31.20000       107.5000     -0.2592588    
   28.83000       108.7700     -0.1319910    
   29.52000       106.4800     -0.1299823    
   30.80000       106.0800     -0.1512309    
   29.58000       105.0500     -0.1080909    
   31.47000       104.6800     -0.2536891    
   30.67000       104.0200     -0.1348383    
   28.80000       104.6000     -5.4581437E-02
   29.98000       103.0000     -3.3063505E-02
   30.05000       101.9700     -0.2963634    
   27.90000       102.2700     -0.1004096    
   26.65000       102.2500     -6.9358930E-02
   26.83000       100.4700     -9.3362190E-02
   25.70000       100.1800      0.1048313    
   25.13000       99.22000      3.4383651E-02
   25.02000       102.6800     -0.1534969    
   23.95000       100.2200     -3.3415303E-02
   23.38000       103.3800     -0.2126605    
   22.02000       100.8000     -6.9304287E-02
   31.62000       100.0000      1.2849377E-03
   28.50000       98.90000     -4.8631500E-02
   31.15000       97.17000     -0.1716414    
   29.67000       91.13000     -0.2708897    
   34.30000       108.9300     -5.9780288E-02
   34.58000       105.7500     -0.2451770    
   34.43000       104.0100     -0.2856262    
   33.07000       107.0300     -0.3527179    
   32.72000       109.0300     -0.2617475    
   32.51000       110.4900      1.8912142E-02
   36.03000       113.0400     -7.9441264E-02
   37.78000       112.5500     -0.1383135    
   36.05000       111.3200     -0.2134522    
   38.23000       109.7000     -8.1372812E-02
   36.60000       109.5000     -0.2364244    
   35.73000       107.6300     -8.1599705E-02
   36.05000       103.8800     -0.3380871    
   37.48000       105.6700     -0.1787964    
   38.48000       106.2200     -7.6270014E-02
   36.62000       101.7700     -0.3182652    
   35.58000       103.1800     -0.3395108    
   34.92000       98.22000     -0.2367516    
   33.02000       97.02000     -0.1167860    
   38.05000       102.5500     -0.1813501    
   38.93000       100.4300     -0.3207101    
   39.77000       98.48000     -0.1301619    
   40.15000       94.68000     -0.1328478    
   42.93000       89.20000     -0.3004260    
   41.72000       82.95000     -0.2810695    
   39.47000       75.98000     -0.1959426    
   37.13000       79.93000     -0.1587021    
   38.15000       85.55000     -0.2560366    
   39.03000       88.17000     -0.2483728    
   42.82000       93.52000     -0.1592517    
   47.73000       88.08000     -3.6620304E-02
   46.73000       83.00000      7.1207069E-02
   44.43000       84.66000     -0.2050512    
   43.95000       81.33000      0.1702748    
   43.78000       87.62000     -0.1035389    